=== fsQCA Analysis Report: _no_md ===
Date: 2026-02-11 16:02:19.818619 
N Analysis Cases: 1122 

--- Necessity Analysis ---
No single necessary condition.

--- Truth Table ---

  OUT: output value
    n: number of cases in configuration
 incl: sufficiency inclusion score
  PRI: proportional reduction in inconsistency

     fs_f pt_f ec_f pd_f gen_f ses_f   OUT    n   incl  PRI  
64    1    1    1    1     1     1      1     29  0.999 0.998
63    1    1    1    1     1     0      1     89  0.999 0.997
62    1    1    1    1     0     1      1     18  0.994 0.983
48    1    0    1    1     1     1      1     20  0.994 0.985
61    1    1    1    1     0     0      1     44  0.993 0.977
59    1    1    1    0     1     0      1     46  0.992 0.976
55    1    1    0    1     1     0      1     7   0.987 0.926
60    1    1    1    0     1     1      1     14  0.986 0.959
47    1    0    1    1     1     0      1     48  0.985 0.956
31    0    1    1    1     1     0      1     25  0.981 0.929
30    0    1    1    1     0     1      1     10  0.981 0.887
58    1    1    1    0     0     1      1     24  0.980 0.931
32    0    1    1    1     1     1      1     8   0.979 0.926
46    1    0    1    1     0     1      1     11  0.977 0.905
45    1    0    1    1     0     0      1     28  0.974 0.873
53    1    1    0    1     0     0      1     13  0.968 0.803
54    1    1    0    1     0     1      1     8   0.966 0.814
29    0    1    1    1     0     0      1     11  0.965 0.768
57    1    1    1    0     0     0      1     37  0.964 0.858
51    1    1    0    0     1     0      1     7   0.964 0.685
43    1    0    1    0     1     0      1     11  0.956 0.719
16    0    0    1    1     1     1      1     6   0.947 0.727
23    0    1    0    1     1     0      1     10  0.943 0.507
27    0    1    1    0     1     0      1     22  0.941 0.669
15    0    0    1    1     1     0      1     17  0.933 0.626
41    1    0    1    0     0     0      1     12  0.928 0.455
39    1    0    0    1     1     0      1     21  0.919 0.592
26    0    1    1    0     0     1      1     11  0.909 0.470
11    0    0    1    0     1     0      1     5   0.906 0.251
35    1    0    0    0     1     0      1     6   0.905 0.258
13    0    0    1    1     0     0      1     11  0.893 0.292
40    1    0    0    1     1     1      1     14  0.888 0.613
19    0    1    0    0     1     0      1     12  0.879 0.151
49    1    1    0    0     0     0      1     24  0.878 0.383
28    0    1    1    0     1     1      1     8   0.877 0.481
21    0    1    0    1     0     0      1     12  0.874 0.231
50    1    1    0    0     0     1      1     15  0.872 0.465
38    1    0    0    1     0     1      1     7   0.872 0.367
37    1    0    0    1     0     0      1     35  0.857 0.333
25    0    1    1    0     0     0      1     34  0.852 0.266
20    0    1    0    0     1     1      1     5   0.838 0.131
10    0    0    1    0     0     1      1     5   0.833 0.065
 7    0    0    0    1     1     0      1     23  0.811 0.136
 8    0    0    0    1     1     1      1     8   0.809 0.241
 9    0    0    1    0     0     0      1     8   0.804 0.046
34    1    0    0    0     0     1      0     9   0.775 0.061
 3    0    0    0    0     1     0      0     16  0.763 0.032
33    1    0    0    0     0     0      0     23  0.762 0.084
 6    0    0    0    1     0     1      0     9   0.741 0.069
 4    0    0    0    0     1     1      0     6   0.731 0.031
18    0    1    0    0     0     1      0     12  0.719 0.034
17    0    1    0    0     0     0      0     45  0.684 0.027
 5    0    0    0    1     0     0      0     46  0.658 0.032
 2    0    0    0    0     0     1      0     17  0.573 0.002
 1    0    0    0    0     0     0      0     77  0.494 0.003


--- Parsimonious Solution (With Remainders) ---

M1: ec_f + fs_f*pt_f + fs_f*pd_f + fs_f*gen_f + pt_f*pd_f + pt_f*gen_f +
    pd_f*gen_f -> iri_total_f

               inclS   PRI   covS   covU  
----------------------------------------- 
1        ec_f  0.868  0.770  0.856  0.038 
2   fs_f*pt_f  0.939  0.878  0.667  0.021 
3   fs_f*pd_f  0.924  0.849  0.656  0.018 
4  fs_f*gen_f  0.899  0.839  0.445  0.004 
5   pt_f*pd_f  0.945  0.881  0.591  0.005 
6  pt_f*gen_f  0.865  0.783  0.413  0.003 
7  pd_f*gen_f  0.842  0.750  0.425  0.006 
----------------------------------------- 
           M1  0.759  0.622  0.988 

