=== fsQCA Analysis Report: _raw ===
Date: 2026-02-11 14:43:18.454525 
N Analysis Cases: 2050 

--- Necessity Analysis ---
No single necessary condition.

--- Truth Table ---

  OUT: output value
    n: number of cases in configuration
 incl: sufficiency inclusion score
  PRI: proportional reduction in inconsistency

     fs_f pt_f ec_f pd_f gen_f ses_f   OUT    n    incl  PRI  
63    1    1    1    1     1     0      1     99   0.997 0.994
62    1    1    1    1     0     1      1     82   0.996 0.992
64    1    1    1    1     1     1      1     45   0.996 0.991
61    1    1    1    1     0     0      1     115  0.995 0.987
55    1    1    0    1     1     0      1     10   0.984 0.889
46    1    0    1    1     0     1      1     43   0.984 0.942
58    1    1    1    0     0     1      1     41   0.982 0.938
47    1    0    1    1     1     0      1     49   0.982 0.932
48    1    0    1    1     1     1      1     30   0.981 0.926
54    1    1    0    1     0     1      1     18   0.977 0.887
56    1    1    0    1     1     1      1     10   0.977 0.889
45    1    0    1    1     0     0      1     53   0.975 0.904
53    1    1    0    1     0     0      1     20   0.974 0.860
59    1    1    1    0     1     0      1     61   0.973 0.905
60    1    1    1    0     1     1      1     27   0.973 0.896
57    1    1    1    0     0     0      1     55   0.972 0.895
32    0    1    1    1     1     1      1     14   0.972 0.864
31    0    1    1    1     1     0      1     41   0.964 0.852
30    0    1    1    1     0     1      1     29   0.963 0.841
29    0    1    1    1     0     0      1     44   0.961 0.818
44    1    0    1    0     1     1      1     9    0.947 0.592
43    1    0    1    0     1     0      1     14   0.946 0.586
42    1    0    1    0     0     1      1     6    0.945 0.553
41    1    0    1    0     0     0      1     16   0.938 0.574
51    1    1    0    0     1     0      1     13   0.934 0.449
52    1    1    0    0     1     1      1     10   0.926 0.585
22    0    1    0    1     0     1      1     10   0.919 0.434
23    0    1    0    1     1     0      1     14   0.916 0.341
50    1    1    0    0     0     1      1     17   0.912 0.527
16    0    0    1    1     1     1      1     16   0.909 0.449
49    1    1    0    0     0     0      1     24   0.907 0.452
39    1    0    0    1     1     0      1     26   0.905 0.440
15    0    0    1    1     1     0      1     35   0.901 0.483
14    0    0    1    1     0     1      1     23   0.898 0.472
26    0    1    1    0     0     1      1     30   0.893 0.460
38    1    0    0    1     0     1      1     23   0.893 0.480
13    0    0    1    1     0     0      1     30   0.889 0.405
21    0    1    0    1     0     0      1     22   0.885 0.266
27    0    1    1    0     1     0      1     47   0.883 0.448
37    1    0    0    1     0     0      1     43   0.882 0.448
40    1    0    0    1     1     1      1     27   0.877 0.493
35    1    0    0    0     1     0      1     11   0.857 0.133
25    0    1    1    0     0     0      1     52   0.848 0.281
28    0    1    1    0     1     1      1     24   0.847 0.347
34    1    0    0    0     0     1      1     11   0.843 0.132
11    0    0    1    0     1     0      1     19   0.833 0.099
10    0    0    1    0     0     1      1     14   0.822 0.076
36    1    0    0    0     1     1      1     10   0.814 0.119
 9    0    0    1    0     0     0      1     19   0.804 0.065
33    1    0    0    0     0     0      0     22   0.800 0.112
12    0    0    1    0     1     1      0     12   0.789 0.052
19    0    1    0    0     1     0      0     28   0.787 0.054
 6    0    0    0    1     0     1      0     23   0.778 0.103
18    0    1    0    0     0     1      0     24   0.776 0.087
 8    0    0    0    1     1     1      0     31   0.744 0.116
 7    0    0    0    1     1     0      0     49   0.740 0.064
20    0    1    0    0     1     1      0     23   0.739 0.066
17    0    1    0    0     0     0      0     55   0.711 0.027
 5    0    0    0    1     0     0      0     85   0.670 0.043
 3    0    0    0    0     1     0      0     40   0.645 0.010
 2    0    0    0    0     0     1      0     32   0.637 0.010
 4    0    0    0    0     1     1      0     31   0.577 0.006
 1    0    0    0    0     0     0      0     90   0.538 0.004


--- Parsimonious Solution (With Remainders) ---

M1: fs_f*pt_f + fs_f*pd_f + fs_f*gen_f + fs_f*ses_f + pt_f*ec_f + pt_f*pd_f +
    ec_f*pd_f + ec_f*~gen_f + ec_f*~ses_f -> iri_total_f

                inclS   PRI   covS   covU  
------------------------------------------ 
1    fs_f*pt_f  0.943  0.886  0.656  0.008 
2    fs_f*pd_f  0.928  0.856  0.663  0.014 
3   fs_f*gen_f  0.859  0.753  0.360  0.002 
4   fs_f*ses_f  0.847  0.741  0.312  0.001 
5    pt_f*ec_f  0.907  0.819  0.715  0.006 
6    pt_f*pd_f  0.941  0.873  0.620  0.010 
7    ec_f*pd_f  0.934  0.866  0.699  0.004 
8  ec_f*~gen_f  0.838  0.716  0.481  0.001 
9  ec_f*~ses_f  0.835  0.712  0.547  0.002 
------------------------------------------ 
            M1  0.781  0.644  0.980 

